root [0] 
Processing m_HperD1.C...

****************************************
Minimizer is Minuit / Migrad
Chi2                      =   0.00436208
NDf                       =           40
Edm                       =  2.05209e-27
NCalls                    =           32
k                         =   -0.0238401   +/-   0.000471758 
a                         =      1.14768   +/-   0.00367446  


