root [0] 
Processing s_HperD1.C...

****************************************
Minimizer is Minuit / Migrad
Chi2                      =     0.249245
NDf                       =           40
Edm                       =  1.31161e-25
NCalls                    =           31
k                         =  -0.00383208   +/-   0.000152132 
a                         =     0.996192   +/-   0.0174896   
