root [0] 
Processing s_HperD1.C...

****************************************
Minimizer is Minuit / Migrad
Chi2                      =      0.28031
NDf                       =           40
Edm                       =  2.23437e-25
NCalls                    =           31
k                         =  -0.00378811   +/-   0.000161334 
ab                        =     0.996966   +/-   0.0185475   
