root [0] 
Processing m_HperD1.C...

****************************************
Minimizer is Minuit / Migrad
Chi2                      =   0.00430696
NDf                       =           40
Edm                       =  5.28422e-27
NCalls                    =           32
k                         =   -0.0238354   +/-   0.000468767 
a                         =      1.14815   +/-   0.00365117  

